version https://git-lfs.github.com/spec/v1
oid sha256:670357c1cd2b1c0c67708c8c38aca2d7e93d789d45fde186eacd56f2e7e50f64
size 9050073
